0   2.0   0.37373
1   2.0   0.32662
2   2.0   0.21058
3   2.0   0.10203
4   2.0   0.0393
5   2.0   0.01282
6   2.0   0.00371
7   2.0   0.000986266
8   2.0   0.000250587
9   2.0   6.26318e-05
10   2.0   1.57348e-05
11   2.0   4.06145e-06
12   2.0   1.08024e-06
13   2.0   2.97305e-07
14   2.0   8.36616e-08
15   2.0   2.42362e-08
16   2.0   7.27257e-09
17   2.0   2.22545e-09
18   2.0   6.75318e-10
19   2.0   1.88818e-10
20   2.0   0
21   2.0   0
22   2.0   0
23   2.0   0
24   2.0   0
25   2.0   0
26   2.0   0
27   2.0   0
28   2.0   0
29   2.0   0
30   2.0   0
31   2.0   0
32   2.0   0
33   2.0   0
34   2.0   0
35   2.0   0
36   2.0   0
37   2.0   0
38   2.0   0
39   2.0   0
40   2.0   0
41   2.0   0
42   2.0   0
43   2.0   0
44   2.0   0
45   2.0   0
46   2.0   0
47   2.0   0
48   2.0   0
49   2.0   0
50   2.0   0
51   2.0   0
52   2.0   0
53   2.0   0
54   2.0   0
55   2.0   0
56   2.0   0
57   2.0   0
58   2.0   0
59   2.0   0
60   2.0   0
61   2.0   0
62   2.0   0
63   2.0   0
64   2.0   0
65   2.0   0
66   2.0   0
67   2.0   0
68   2.0   0
69   2.0   0
70   2.0   0
71   2.0   0
72   2.0   0
73   2.0   0
74   2.0   0
75   2.0   0
76   2.0   0
77   2.0   0
78   2.0   0
79   2.0   0
80   2.0   0
81   2.0   0
82   2.0   0
83   2.0   0
84   2.0   0
85   2.0   0
86   2.0   0
87   2.0   0
88   2.0   0
89   2.0   0
90   2.0   0
91   2.0   0
92   2.0   0
93   2.0   0
94   2.0   0
95   2.0   0
96   2.0   0
97   2.0   0
98   2.0   0
99   2.0   0
100   2.0   0
0   2.1   0.34898
1   2.1   0.30853
2   2.1   0.20639
3   2.1   0.10621
4   2.1   0.04426
5   2.1   0.01582
6   2.1   0.00506
7   2.1   0.0015
8   2.1   0.000424375
9   2.1   0.00011849
10   2.1   3.324e-05
11   2.1   9.5613e-06
12   2.1   2.82767e-06
13   2.1   8.62974e-07
14   2.1   2.68684e-07
15   2.1   8.58172e-08
16   2.1   2.82329e-08
17   2.1   9.40195e-09
18   2.1   3.06994e-09
19   2.1   9.03136e-10
20   2.1   0
21   2.1   0
22   2.1   0
23   2.1   0
24   2.1   0
25   2.1   0
26   2.1   0
27   2.1   0
28   2.1   0
29   2.1   0
30   2.1   0
31   2.1   0
32   2.1   0
33   2.1   0
34   2.1   0
35   2.1   0
36   2.1   0
37   2.1   0
38   2.1   0
39   2.1   0
40   2.1   0
41   2.1   0
42   2.1   0
43   2.1   0
44   2.1   0
45   2.1   0
46   2.1   0
47   2.1   0
48   2.1   0
49   2.1   0
50   2.1   0
51   2.1   0
52   2.1   0
53   2.1   0
54   2.1   0
55   2.1   0
56   2.1   0
57   2.1   0
58   2.1   0
59   2.1   0
60   2.1   0
61   2.1   0
62   2.1   0
63   2.1   0
64   2.1   0
65   2.1   0
66   2.1   0
67   2.1   0
68   2.1   0
69   2.1   0
70   2.1   0
71   2.1   0
72   2.1   0
73   2.1   0
74   2.1   0
75   2.1   0
76   2.1   0
77   2.1   0
78   2.1   0
79   2.1   0
80   2.1   0
81   2.1   0
82   2.1   0
83   2.1   0
84   2.1   0
85   2.1   0
86   2.1   0
87   2.1   0
88   2.1   0
89   2.1   0
90   2.1   0
91   2.1   0
92   2.1   0
93   2.1   0
94   2.1   0
95   2.1   0
96   2.1   0
97   2.1   0
98   2.1   0
99   2.1   0
100   2.1   0
0   2.2   0.32703
1   2.2   0.29202
2   2.2   0.20167
3   2.2   0.10934
4   2.2   0.04877
5   2.2   0.01888
6   2.2   0.00658
7   2.2   0.00214
8   2.2   0.000667496
9   2.2   0.000205322
10   2.2   6.34317e-05
11   2.2   2.00564e-05
12   2.2   6.50668e-06
13   2.2   2.17275e-06
14   2.2   7.38555e-07
15   2.2   2.56656e-07
16   2.2   9.13785e-08
17   2.2   3.27047e-08
18   2.2   1.13619e-08
19   2.2   3.48912e-09
20   2.2   0
21   2.2   0
22   2.2   0
23   2.2   0
24   2.2   0
25   2.2   0
26   2.2   0
27   2.2   0
28   2.2   0
29   2.2   0
30   2.2   0
31   2.2   0
32   2.2   0
33   2.2   0
34   2.2   0
35   2.2   0
36   2.2   0
37   2.2   0
38   2.2   0
39   2.2   0
40   2.2   0
41   2.2   0
42   2.2   0
43   2.2   0
44   2.2   0
45   2.2   0
46   2.2   0
47   2.2   0
48   2.2   0
49   2.2   0
50   2.2   0
51   2.2   0
52   2.2   0
53   2.2   0
54   2.2   0
55   2.2   0
56   2.2   0
57   2.2   0
58   2.2   0
59   2.2   0
60   2.2   0
61   2.2   0
62   2.2   0
63   2.2   0
64   2.2   0
65   2.2   0
66   2.2   0
67   2.2   0
68   2.2   0
69   2.2   0
70   2.2   0
71   2.2   0
72   2.2   0
73   2.2   0
74   2.2   0
75   2.2   0
76   2.2   0
77   2.2   0
78   2.2   0
79   2.2   0
80   2.2   0
81   2.2   0
82   2.2   0
83   2.2   0
84   2.2   0
85   2.2   0
86   2.2   0
87   2.2   0
88   2.2   0
89   2.2   0
90   2.2   0
91   2.2   0
92   2.2   0
93   2.2   0
94   2.2   0
95   2.2   0
96   2.2   0
97   2.2   0
98   2.2   0
99   2.2   0
100   2.2   0
0   2.3   0.30747
1   2.3   0.27694
2   2.3   0.19663
3   2.3   0.11156
4   2.3   0.05281
5   2.3   0.02191
6   2.3   0.00825
7   2.3   0.00291
8   2.3   0.000987036
9   2.3   0.000330547
10   2.3   0.000111138
11   2.3   3.81804e-05
12   2.3   1.34319e-05
13   2.3   4.85211e-06
14   2.3   1.78038e-06
15   2.3   6.65641e-07
16   2.3   2.53686e-07
17   2.3   9.65759e-08
18   2.3   3.53718e-08
19   2.3   1.12664e-08
20   2.3   0
21   2.3   0
22   2.3   0
23   2.3   0
24   2.3   0
25   2.3   0
26   2.3   0
27   2.3   0
28   2.3   0
29   2.3   0
30   2.3   0
31   2.3   0
32   2.3   0
33   2.3   0
34   2.3   0
35   2.3   0
36   2.3   0
37   2.3   0
38   2.3   0
39   2.3   0
40   2.3   0
41   2.3   0
42   2.3   0
43   2.3   0
44   2.3   0
45   2.3   0
46   2.3   0
47   2.3   0
48   2.3   0
49   2.3   0
50   2.3   0
51   2.3   0
52   2.3   0
53   2.3   0
54   2.3   0
55   2.3   0
56   2.3   0
57   2.3   0
58   2.3   0
59   2.3   0
60   2.3   0
61   2.3   0
62   2.3   0
63   2.3   0
64   2.3   0
65   2.3   0
66   2.3   0
67   2.3   0
68   2.3   0
69   2.3   0
70   2.3   0
71   2.3   0
72   2.3   0
73   2.3   0
74   2.3   0
75   2.3   0
76   2.3   0
77   2.3   0
78   2.3   0
79   2.3   0
80   2.3   0
81   2.3   0
82   2.3   0
83   2.3   0
84   2.3   0
85   2.3   0
86   2.3   0
87   2.3   0
88   2.3   0
89   2.3   0
90   2.3   0
91   2.3   0
92   2.3   0
93   2.3   0
94   2.3   0
95   2.3   0
96   2.3   0
97   2.3   0
98   2.3   0
99   2.3   0
100   2.3   0
0   2.4   0.28995
1   2.4   0.26313
2   2.4   0.19142
3   2.4   0.11302
4   2.4   0.05636
5   2.4   0.02486
6   2.4   0.01001
7   2.4   0.00379
8   2.4   0.00139
9   2.4   0.000500206
10   2.4   0.000181203
11   2.4   6.6966e-05
12   2.4   2.52975e-05
13   2.4   9.79046e-06
14   2.4   3.84063e-06
15   2.4   1.53022e-06
16   2.4   6.18565e-07
17   2.4   2.4833e-07
18   2.4   9.51696e-08
19   2.4   3.1278e-08
20   2.4   0
21   2.4   0
22   2.4   0
23   2.4   0
24   2.4   0
25   2.4   0
26   2.4   0
27   2.4   0
28   2.4   0
29   2.4   0
30   2.4   0
31   2.4   0
32   2.4   0
33   2.4   0
34   2.4   0
35   2.4   0
36   2.4   0
37   2.4   0
38   2.4   0
39   2.4   0
40   2.4   0
41   2.4   0
42   2.4   0
43   2.4   0
44   2.4   0
45   2.4   0
46   2.4   0
47   2.4   0
48   2.4   0
49   2.4   0
50   2.4   0
51   2.4   0
52   2.4   0
53   2.4   0
54   2.4   0
55   2.4   0
56   2.4   0
57   2.4   0
58   2.4   0
59   2.4   0
60   2.4   0
61   2.4   0
62   2.4   0
63   2.4   0
64   2.4   0
65   2.4   0
66   2.4   0
67   2.4   0
68   2.4   0
69   2.4   0
70   2.4   0
71   2.4   0
72   2.4   0
73   2.4   0
74   2.4   0
75   2.4   0
76   2.4   0
77   2.4   0
78   2.4   0
79   2.4   0
80   2.4   0
81   2.4   0
82   2.4   0
83   2.4   0
84   2.4   0
85   2.4   0
86   2.4   0
87   2.4   0
88   2.4   0
89   2.4   0
90   2.4   0
91   2.4   0
92   2.4   0
93   2.4   0
94   2.4   0
95   2.4   0
96   2.4   0
97   2.4   0
98   2.4   0
99   2.4   0
100   2.4   0
0   2.5   0.27418
1   2.5   0.25047
2   2.5   0.18614
3   2.5   0.11383
4   2.5   0.05944
5   2.5   0.02767
6   2.5   0.01183
7   2.5   0.00477
8   2.5   0.00186
9   2.5   0.000718383
10   2.5   0.000277984
11   2.5   0.000109579
12   2.5   4.40786e-05
13   2.5   1.81253e-05
14   2.5   7.53918e-06
15   2.5   3.17532e-06
16   2.5   1.35095e-06
17   2.5   5.67862e-07
18   2.5   2.26311e-07
19   2.5   7.64214e-08
20   2.5   0
21   2.5   0
22   2.5   0
23   2.5   0
24   2.5   0
25   2.5   0
26   2.5   0
27   2.5   0
28   2.5   0
29   2.5   0
30   2.5   0
31   2.5   0
32   2.5   0
33   2.5   0
34   2.5   0
35   2.5   0
36   2.5   0
37   2.5   0
38   2.5   0
39   2.5   0
40   2.5   0
41   2.5   0
42   2.5   0
43   2.5   0
44   2.5   0
45   2.5   0
46   2.5   0
47   2.5   0
48   2.5   0
49   2.5   0
50   2.5   0
51   2.5   0
52   2.5   0
53   2.5   0
54   2.5   0
55   2.5   0
56   2.5   0
57   2.5   0
58   2.5   0
59   2.5   0
60   2.5   0
61   2.5   0
62   2.5   0
63   2.5   0
64   2.5   0
65   2.5   0
66   2.5   0
67   2.5   0
68   2.5   0
69   2.5   0
70   2.5   0
71   2.5   0
72   2.5   0
73   2.5   0
74   2.5   0
75   2.5   0
76   2.5   0
77   2.5   0
78   2.5   0
79   2.5   0
80   2.5   0
81   2.5   0
82   2.5   0
83   2.5   0
84   2.5   0
85   2.5   0
86   2.5   0
87   2.5   0
88   2.5   0
89   2.5   0
90   2.5   0
91   2.5   0
92   2.5   0
93   2.5   0
94   2.5   0
95   2.5   0
96   2.5   0
97   2.5   0
98   2.5   0
99   2.5   0
100   2.5   0
0   2.6   0.25992
1   2.6   0.23884
2   2.6   0.18088
3   2.6   0.11411
4   2.6   0.06207
5   2.6   0.03031
6   2.6   0.01366
7   2.6   0.00583
8   2.6   0.00241
9   2.6   0.000986952
10   2.6   0.000404947
11   2.6   0.000169028
12   2.6   7.18789e-05
13   2.6   3.11819e-05
14   2.6   1.3656e-05
15   2.6   6.03826e-06
16   2.6   2.68628e-06
17   2.6   1.17522e-06
18   2.6   4.8456e-07
19   2.6   1.67535e-07
20   2.6   0
21   2.6   0
22   2.6   0
23   2.6   0
24   2.6   0
25   2.6   0
26   2.6   0
27   2.6   0
28   2.6   0
29   2.6   0
30   2.6   0
31   2.6   0
32   2.6   0
33   2.6   0
34   2.6   0
35   2.6   0
36   2.6   0
37   2.6   0
38   2.6   0
39   2.6   0
40   2.6   0
41   2.6   0
42   2.6   0
43   2.6   0
44   2.6   0
45   2.6   0
46   2.6   0
47   2.6   0
48   2.6   0
49   2.6   0
50   2.6   0
51   2.6   0
52   2.6   0
53   2.6   0
54   2.6   0
55   2.6   0
56   2.6   0
57   2.6   0
58   2.6   0
59   2.6   0
60   2.6   0
61   2.6   0
62   2.6   0
63   2.6   0
64   2.6   0
65   2.6   0
66   2.6   0
67   2.6   0
68   2.6   0
69   2.6   0
70   2.6   0
71   2.6   0
72   2.6   0
73   2.6   0
74   2.6   0
75   2.6   0
76   2.6   0
77   2.6   0
78   2.6   0
79   2.6   0
80   2.6   0
81   2.6   0
82   2.6   0
83   2.6   0
84   2.6   0
85   2.6   0
86   2.6   0
87   2.6   0
88   2.6   0
89   2.6   0
90   2.6   0
91   2.6   0
92   2.6   0
93   2.6   0
94   2.6   0
95   2.6   0
96   2.6   0
97   2.6   0
98   2.6   0
99   2.6   0
100   2.6   0
0   2.7   0.24698
1   2.7   0.22813
2   2.7   0.1757
3   2.7   0.11395
4   2.7   0.06429
5   2.7   0.03276
6   2.7   0.01548
7   2.7   0.00695
8   2.7   0.00303
9   2.7   0.00131
10   2.7   0.000564421
11   2.7   0.000247906
12   2.7   0.000110758
13   2.7   5.03812e-05
14   2.7   2.30913e-05
15   2.7   1.06567e-05
16   2.7   4.93012e-06
17   2.7   2.23364e-06
18   2.7   9.48752e-07
19   2.7   3.34882e-07
20   2.7   0
21   2.7   0
22   2.7   0
23   2.7   0
24   2.7   0
25   2.7   0
26   2.7   0
27   2.7   0
28   2.7   0
29   2.7   0
30   2.7   0
31   2.7   0
32   2.7   0
33   2.7   0
34   2.7   0
35   2.7   0
36   2.7   0
37   2.7   0
38   2.7   0
39   2.7   0
40   2.7   0
41   2.7   0
42   2.7   0
43   2.7   0
44   2.7   0
45   2.7   0
46   2.7   0
47   2.7   0
48   2.7   0
49   2.7   0
50   2.7   0
51   2.7   0
52   2.7   0
53   2.7   0
54   2.7   0
55   2.7   0
56   2.7   0
57   2.7   0
58   2.7   0
59   2.7   0
60   2.7   0
61   2.7   0
62   2.7   0
63   2.7   0
64   2.7   0
65   2.7   0
66   2.7   0
67   2.7   0
68   2.7   0
69   2.7   0
70   2.7   0
71   2.7   0
72   2.7   0
73   2.7   0
74   2.7   0
75   2.7   0
76   2.7   0
77   2.7   0
78   2.7   0
79   2.7   0
80   2.7   0
81   2.7   0
82   2.7   0
83   2.7   0
84   2.7   0
85   2.7   0
86   2.7   0
87   2.7   0
88   2.7   0
89   2.7   0
90   2.7   0
91   2.7   0
92   2.7   0
93   2.7   0
94   2.7   0
95   2.7   0
96   2.7   0
97   2.7   0
98   2.7   0
99   2.7   0
100   2.7   0
0   2.8   0.23519
1   2.8   0.21824
2   2.8   0.17063
3   2.8   0.11344
4   2.8   0.06612
5   2.8   0.035
6   2.8   0.01726
7   2.8   0.0081
8   2.8   0.0037
9   2.8   0.00167
10   2.8   0.00075752
11   2.8   0.000348212
12   2.8   0.000162575
13   2.8   7.7135e-05
14   2.8   3.68082e-05
15   2.8   1.76415e-05
16   2.8   8.44777e-06
17   2.8   3.9469e-06
18   2.8   1.7209e-06
19   2.8   6.18614e-07
20   2.8   0
21   2.8   0
22   2.8   0
23   2.8   0
24   2.8   0
25   2.8   0
26   2.8   0
27   2.8   0
28   2.8   0
29   2.8   0
30   2.8   0
31   2.8   0
32   2.8   0
33   2.8   0
34   2.8   0
35   2.8   0
36   2.8   0
37   2.8   0
38   2.8   0
39   2.8   0
40   2.8   0
41   2.8   0
42   2.8   0
43   2.8   0
44   2.8   0
45   2.8   0
46   2.8   0
47   2.8   0
48   2.8   0
49   2.8   0
50   2.8   0
51   2.8   0
52   2.8   0
53   2.8   0
54   2.8   0
55   2.8   0
56   2.8   0
57   2.8   0
58   2.8   0
59   2.8   0
60   2.8   0
61   2.8   0
62   2.8   0
63   2.8   0
64   2.8   0
65   2.8   0
66   2.8   0
67   2.8   0
68   2.8   0
69   2.8   0
70   2.8   0
71   2.8   0
72   2.8   0
73   2.8   0
74   2.8   0
75   2.8   0
76   2.8   0
77   2.8   0
78   2.8   0
79   2.8   0
80   2.8   0
81   2.8   0
82   2.8   0
83   2.8   0
84   2.8   0
85   2.8   0
86   2.8   0
87   2.8   0
88   2.8   0
89   2.8   0
90   2.8   0
91   2.8   0
92   2.8   0
93   2.8   0
94   2.8   0
95   2.8   0
96   2.8   0
97   2.8   0
98   2.8   0
99   2.8   0
100   2.8   0
0   2.9   0.22439
1   2.9   0.20909
2   2.9   0.16571
3   2.9   0.11265
4   2.9   0.06761
5   2.9   0.03705
6   2.9   0.01897
7   2.9   0.00928
8   2.9   0.00442
9   2.9   0.00208
10   2.9   0.000984211
11   2.9   0.000471266
12   2.9   0.000228868
13   2.9   0.000112751
14   2.9   5.57694e-05
15   2.9   2.76409e-05
16   2.9   1.36463e-05
17   2.9   6.55158e-06
18   2.9   2.9235e-06
19   2.9   1.06808e-06
20   2.9   0
21   2.9   0
22   2.9   0
23   2.9   0
24   2.9   0
25   2.9   0
26   2.9   0
27   2.9   0
28   2.9   0
29   2.9   0
30   2.9   0
31   2.9   0
32   2.9   0
33   2.9   0
34   2.9   0
35   2.9   0
36   2.9   0
37   2.9   0
38   2.9   0
39   2.9   0
40   2.9   0
41   2.9   0
42   2.9   0
43   2.9   0
44   2.9   0
45   2.9   0
46   2.9   0
47   2.9   0
48   2.9   0
49   2.9   0
50   2.9   0
51   2.9   0
52   2.9   0
53   2.9   0
54   2.9   0
55   2.9   0
56   2.9   0
57   2.9   0
58   2.9   0
59   2.9   0
60   2.9   0
61   2.9   0
62   2.9   0
63   2.9   0
64   2.9   0
65   2.9   0
66   2.9   0
67   2.9   0
68   2.9   0
69   2.9   0
70   2.9   0
71   2.9   0
72   2.9   0
73   2.9   0
74   2.9   0
75   2.9   0
76   2.9   0
77   2.9   0
78   2.9   0
79   2.9   0
80   2.9   0
81   2.9   0
82   2.9   0
83   2.9   0
84   2.9   0
85   2.9   0
86   2.9   0
87   2.9   0
88   2.9   0
89   2.9   0
90   2.9   0
91   2.9   0
92   2.9   0
93   2.9   0
94   2.9   0
95   2.9   0
96   2.9   0
97   2.9   0
98   2.9   0
99   2.9   0
100   2.9   0
0   3.0   0.21448
1   3.0   0.20061
2   3.0   0.16094
3   3.0   0.11163
4   3.0   0.0688
5   3.0   0.03889
6   3.0   0.02062
7   3.0   0.01046
8   3.0   0.00517
9   3.0   0.00253
10   3.0   0.00124
11   3.0   0.000617707
12   3.0   0.000310793
13   3.0   0.000158358
14   3.0   8.08805e-05
15   3.0   4.13035e-05
16   3.0   2.0953e-05
17   3.0   1.03059e-05
18   3.0   4.69464e-06
19   3.0   1.74015e-06
20   3.0   0
21   3.0   0
22   3.0   0
23   3.0   0
24   3.0   0
25   3.0   0
26   3.0   0
27   3.0   0
28   3.0   0
29   3.0   0
30   3.0   0
31   3.0   0
32   3.0   0
33   3.0   0
34   3.0   0
35   3.0   0
36   3.0   0
37   3.0   0
38   3.0   0
39   3.0   0
40   3.0   0
41   3.0   0
42   3.0   0
43   3.0   0
44   3.0   0
45   3.0   0
46   3.0   0
47   3.0   0
48   3.0   0
49   3.0   0
50   3.0   0
51   3.0   0
52   3.0   0
53   3.0   0
54   3.0   0
55   3.0   0
56   3.0   0
57   3.0   0
58   3.0   0
59   3.0   0
60   3.0   0
61   3.0   0
62   3.0   0
63   3.0   0
64   3.0   0
65   3.0   0
66   3.0   0
67   3.0   0
68   3.0   0
69   3.0   0
70   3.0   0
71   3.0   0
72   3.0   0
73   3.0   0
74   3.0   0
75   3.0   0
76   3.0   0
77   3.0   0
78   3.0   0
79   3.0   0
80   3.0   0
81   3.0   0
82   3.0   0
83   3.0   0
84   3.0   0
85   3.0   0
86   3.0   0
87   3.0   0
88   3.0   0
89   3.0   0
90   3.0   0
91   3.0   0
92   3.0   0
93   3.0   0
94   3.0   0
95   3.0   0
96   3.0   0
97   3.0   0
98   3.0   0
99   3.0   0
100   3.0   0
