0   3.0   0.21563
1   3.0   0.20324
2   3.0   0.16253
3   3.0   0.11175
4   3.0   0.06805
5   3.0   0.03795
6   3.0   0.01986
7   3.0   0.00998
8   3.0   0.00492
9   3.0   0.00243
10   3.0   0.00123
11   3.0   0.000653059
12   3.0   0.000369225
13   3.0   0.00022613
14   3.0   0.000150664
15   3.0   0.000109562
16   3.0   8.6249e-05
17   3.0   7.21725e-05
18   3.0   6.33969e-05
19   3.0   5.83457e-05
20   3.0   4.32669e-05
21   3.0   1.33203e-05
22   3.0   2.90552e-06
23   3.0   5.93684e-07
24   3.0   1.08625e-07
25   3.0   1.79772e-08
26   3.0   2.80892e-09
27   3.0   4.19084e-10
28   3.0   5.85745e-11
29   3.0   7.53971e-12
30   3.0   0
31   3.0   0
32   3.0   0
33   3.0   0
34   3.0   0
35   3.0   0
36   3.0   0
37   3.0   0
38   3.0   0
39   3.0   0
40   3.0   0
41   3.0   0
42   3.0   0
43   3.0   0
44   3.0   0
45   3.0   0
46   3.0   0
47   3.0   0
48   3.0   0
49   3.0   0
50   3.0   0
51   3.0   0
52   3.0   0
53   3.0   0
54   3.0   0
55   3.0   0
56   3.0   0
57   3.0   0
58   3.0   0
59   3.0   0
60   3.0   0
61   3.0   0
62   3.0   0
63   3.0   0
64   3.0   0
65   3.0   0
66   3.0   0
67   3.0   0
68   3.0   0
69   3.0   0
70   3.0   0
71   3.0   0
72   3.0   0
73   3.0   0
74   3.0   0
75   3.0   0
76   3.0   0
77   3.0   0
78   3.0   0
79   3.0   0
80   3.0   0
81   3.0   0
82   3.0   0
83   3.0   0
84   3.0   0
85   3.0   0
86   3.0   0
87   3.0   0
88   3.0   0
89   3.0   0
90   3.0   0
91   3.0   0
92   3.0   0
93   3.0   0
94   3.0   0
95   3.0   0
96   3.0   0
97   3.0   0
98   3.0   0
99   3.0   0
100   3.0   0
0   3.1   0.20614
1   3.1   0.19489
2   3.1   0.15771
3   3.1   0.11062
4   3.1   0.06915
5   3.1   0.03976
6   3.1   0.02152
7   3.1   0.01119
8   3.1   0.00571
9   3.1   0.00291
10   3.1   0.00151
11   3.1   0.00080873
12   3.1   0.00045519
13   3.1   0.000272373
14   3.1   0.00017431
15   3.1   0.000120537
16   3.1   9.02028e-05
17   3.1   7.22501e-05
18   3.1   6.1344e-05
19   3.1   5.50745e-05
20   3.1   4.06023e-05
21   3.1   1.29263e-05
22   3.1   2.95178e-06
23   3.1   6.32043e-07
24   3.1   1.21485e-07
25   3.1   2.11691e-08
26   3.1   3.48653e-09
27   3.1   5.48705e-10
28   3.1   8.0976e-11
29   3.1   1.09912e-11
30   3.1   0
31   3.1   0
32   3.1   0
33   3.1   0
34   3.1   0
35   3.1   0
36   3.1   0
37   3.1   0
38   3.1   0
39   3.1   0
40   3.1   0
41   3.1   0
42   3.1   0
43   3.1   0
44   3.1   0
45   3.1   0
46   3.1   0
47   3.1   0
48   3.1   0
49   3.1   0
50   3.1   0
51   3.1   0
52   3.1   0
53   3.1   0
54   3.1   0
55   3.1   0
56   3.1   0
57   3.1   0
58   3.1   0
59   3.1   0
60   3.1   0
61   3.1   0
62   3.1   0
63   3.1   0
64   3.1   0
65   3.1   0
66   3.1   0
67   3.1   0
68   3.1   0
69   3.1   0
70   3.1   0
71   3.1   0
72   3.1   0
73   3.1   0
74   3.1   0
75   3.1   0
76   3.1   0
77   3.1   0
78   3.1   0
79   3.1   0
80   3.1   0
81   3.1   0
82   3.1   0
83   3.1   0
84   3.1   0
85   3.1   0
86   3.1   0
87   3.1   0
88   3.1   0
89   3.1   0
90   3.1   0
91   3.1   0
92   3.1   0
93   3.1   0
94   3.1   0
95   3.1   0
96   3.1   0
97   3.1   0
98   3.1   0
99   3.1   0
100   3.1   0
0   3.2   0.19752
1   3.2   0.1875
2   3.2   0.15332
3   3.2   0.10936
4   3.2   0.06989
5   3.2   0.04125
6   3.2   0.02297
7   3.2   0.01231
8   3.2   0.00647
9   3.2   0.0034
10   3.2   0.00181
11   3.2   0.000991807
12   3.2   0.000566175
13   3.2   0.000340179
14   3.2   0.000216165
15   3.2   0.00014692
16   3.2   0.000107384
17   3.2   8.38891e-05
18   3.2   6.96289e-05
19   3.2   6.13556e-05
20   3.2   4.5025e-05
21   3.2   1.47463e-05
22   3.2   3.50078e-06
23   3.2   7.79993e-07
24   3.2   1.5634e-07
25   3.2   2.84665e-08
26   3.2   4.90401e-09
27   3.2   8.07805e-10
28   3.2   1.24887e-10
29   3.2   1.77368e-11
30   3.2   0
31   3.2   0
32   3.2   0
33   3.2   0
34   3.2   0
35   3.2   0
36   3.2   0
37   3.2   0
38   3.2   0
39   3.2   0
40   3.2   0
41   3.2   0
42   3.2   0
43   3.2   0
44   3.2   0
45   3.2   0
46   3.2   0
47   3.2   0
48   3.2   0
49   3.2   0
50   3.2   0
51   3.2   0
52   3.2   0
53   3.2   0
54   3.2   0
55   3.2   0
56   3.2   0
57   3.2   0
58   3.2   0
59   3.2   0
60   3.2   0
61   3.2   0
62   3.2   0
63   3.2   0
64   3.2   0
65   3.2   0
66   3.2   0
67   3.2   0
68   3.2   0
69   3.2   0
70   3.2   0
71   3.2   0
72   3.2   0
73   3.2   0
74   3.2   0
75   3.2   0
76   3.2   0
77   3.2   0
78   3.2   0
79   3.2   0
80   3.2   0
81   3.2   0
82   3.2   0
83   3.2   0
84   3.2   0
85   3.2   0
86   3.2   0
87   3.2   0
88   3.2   0
89   3.2   0
90   3.2   0
91   3.2   0
92   3.2   0
93   3.2   0
94   3.2   0
95   3.2   0
96   3.2   0
97   3.2   0
98   3.2   0
99   3.2   0
100   3.2   0
0   3.3   0.18954
1   3.3   0.18069
2   3.3   0.14915
3   3.3   0.10801
4   3.3   0.07041
5   3.3   0.04252
6   3.3   0.02429
7   3.3   0.01338
8   3.3   0.00723
9   3.3   0.0039
10   3.3   0.00213
11   3.3   0.0012
12   3.3   0.00069478
13   3.3   0.000422067
14   3.3   0.000269002
15   3.3   0.000181843
16   3.3   0.000131293
17   3.3   0.00010094
18   3.3   8.23971e-05
19   3.3   7.15078e-05
20   3.3   5.22726e-05
21   3.3   1.75634e-05
22   3.3   4.31877e-06
23   3.3   9.97533e-07
24   3.3   2.07697e-07
25   3.3   3.9359e-08
26   3.3   7.06376e-09
27   3.3   1.21294e-09
28   3.3   1.95642e-10
29   3.3   2.89545e-11
30   3.3   0
31   3.3   0
32   3.3   0
33   3.3   0
34   3.3   0
35   3.3   0
36   3.3   0
37   3.3   0
38   3.3   0
39   3.3   0
40   3.3   0
41   3.3   0
42   3.3   0
43   3.3   0
44   3.3   0
45   3.3   0
46   3.3   0
47   3.3   0
48   3.3   0
49   3.3   0
50   3.3   0
51   3.3   0
52   3.3   0
53   3.3   0
54   3.3   0
55   3.3   0
56   3.3   0
57   3.3   0
58   3.3   0
59   3.3   0
60   3.3   0
61   3.3   0
62   3.3   0
63   3.3   0
64   3.3   0
65   3.3   0
66   3.3   0
67   3.3   0
68   3.3   0
69   3.3   0
70   3.3   0
71   3.3   0
72   3.3   0
73   3.3   0
74   3.3   0
75   3.3   0
76   3.3   0
77   3.3   0
78   3.3   0
79   3.3   0
80   3.3   0
81   3.3   0
82   3.3   0
83   3.3   0
84   3.3   0
85   3.3   0
86   3.3   0
87   3.3   0
88   3.3   0
89   3.3   0
90   3.3   0
91   3.3   0
92   3.3   0
93   3.3   0
94   3.3   0
95   3.3   0
96   3.3   0
97   3.3   0
98   3.3   0
99   3.3   0
100   3.3   0
0   3.4   0.18208
1   3.4   0.17435
2   3.4   0.14518
3   3.4   0.10658
4   3.4   0.07074
5   3.4   0.04363
6   3.4   0.02552
7   3.4   0.01441
8   3.4   0.00799
9   3.4   0.00442
10   3.4   0.00247
11   3.4   0.00142
12   3.4   0.000838974
13   3.4   0.000516408
14   3.4   0.000331451
15   3.4   0.000224086
16   3.4   0.000160792
17   3.4   0.000122313
18   3.4   9.85851e-05
19   3.4   8.44685e-05
20   3.4   6.15429e-05
21   3.4   2.11704e-05
22   3.4   5.37719e-06
23   3.4   1.28397e-06
24   3.4   2.76904e-07
25   3.4   5.445e-08
26   3.4   1.01497e-08
27   3.4   1.81128e-09
28   3.4   3.03867e-10
29   3.4   4.67192e-11
30   3.4   0
31   3.4   0
32   3.4   0
33   3.4   0
34   3.4   0
35   3.4   0
36   3.4   0
37   3.4   0
38   3.4   0
39   3.4   0
40   3.4   0
41   3.4   0
42   3.4   0
43   3.4   0
44   3.4   0
45   3.4   0
46   3.4   0
47   3.4   0
48   3.4   0
49   3.4   0
50   3.4   0
51   3.4   0
52   3.4   0
53   3.4   0
54   3.4   0
55   3.4   0
56   3.4   0
57   3.4   0
58   3.4   0
59   3.4   0
60   3.4   0
61   3.4   0
62   3.4   0
63   3.4   0
64   3.4   0
65   3.4   0
66   3.4   0
67   3.4   0
68   3.4   0
69   3.4   0
70   3.4   0
71   3.4   0
72   3.4   0
73   3.4   0
74   3.4   0
75   3.4   0
76   3.4   0
77   3.4   0
78   3.4   0
79   3.4   0
80   3.4   0
81   3.4   0
82   3.4   0
83   3.4   0
84   3.4   0
85   3.4   0
86   3.4   0
87   3.4   0
88   3.4   0
89   3.4   0
90   3.4   0
91   3.4   0
92   3.4   0
93   3.4   0
94   3.4   0
95   3.4   0
96   3.4   0
97   3.4   0
98   3.4   0
99   3.4   0
100   3.4   0
0   3.5   0.17507
1   3.5   0.16841
2   3.5   0.14138
3   3.5   0.10511
4   3.5   0.07091
5   3.5   0.04459
6   3.5   0.02664
7   3.5   0.01539
8   3.5   0.00874
9   3.5   0.00495
10   3.5   0.00283
11   3.5   0.00166
12   3.5   0.000997488
13   3.5   0.000622407
14   3.5   0.000402989
15   3.5   0.000273267
16   3.5   0.000195557
17   3.5   0.0001477
18   3.5   0.000117877
19   3.5   9.99017e-05
20   3.5   7.25796e-05
21   3.5   2.55184e-05
22   3.5   6.68e-06
23   3.5   1.6452e-06
24   3.5   3.66634e-07
25   3.5   7.46262e-08
26   3.5   1.44122e-08
27   3.5   2.66628e-09
28   3.5   4.64064e-10
29   3.5   7.39334e-11
30   3.5   0
31   3.5   0
32   3.5   0
33   3.5   0
34   3.5   0
35   3.5   0
36   3.5   0
37   3.5   0
38   3.5   0
39   3.5   0
40   3.5   0
41   3.5   0
42   3.5   0
43   3.5   0
44   3.5   0
45   3.5   0
46   3.5   0
47   3.5   0
48   3.5   0
49   3.5   0
50   3.5   0
51   3.5   0
52   3.5   0
53   3.5   0
54   3.5   0
55   3.5   0
56   3.5   0
57   3.5   0
58   3.5   0
59   3.5   0
60   3.5   0
61   3.5   0
62   3.5   0
63   3.5   0
64   3.5   0
65   3.5   0
66   3.5   0
67   3.5   0
68   3.5   0
69   3.5   0
70   3.5   0
71   3.5   0
72   3.5   0
73   3.5   0
74   3.5   0
75   3.5   0
76   3.5   0
77   3.5   0
78   3.5   0
79   3.5   0
80   3.5   0
81   3.5   0
82   3.5   0
83   3.5   0
84   3.5   0
85   3.5   0
86   3.5   0
87   3.5   0
88   3.5   0
89   3.5   0
90   3.5   0
91   3.5   0
92   3.5   0
93   3.5   0
94   3.5   0
95   3.5   0
96   3.5   0
97   3.5   0
98   3.5   0
99   3.5   0
100   3.5   0
0   3.6   0.16847
1   3.6   0.16283
2   3.6   0.13774
3   3.6   0.10359
4   3.6   0.07096
5   3.6   0.04542
6   3.6   0.02768
7   3.6   0.01632
8   3.6   0.00947
9   3.6   0.00548
10   3.6   0.0032
11   3.6   0.00191
12   3.6   0.00117
13   3.6   0.000739446
14   3.6   0.000483281
15   3.6   0.000329196
16   3.6   0.000235461
17   3.6   0.000176989
18   3.6   0.000140153
19   3.6   0.000117667
20   3.6   8.52745e-05
21   3.6   3.0601e-05
22   3.6   8.24003e-06
23   3.6   2.08918e-06
24   3.6   4.80131e-07
25   3.6   1.00951e-07
26   3.6   2.01567e-08
27   3.6   3.85763e-09
28   3.6   6.95072e-10
29   3.6   1.14499e-10
30   3.6   0
31   3.6   0
32   3.6   0
33   3.6   0
34   3.6   0
35   3.6   0
36   3.6   0
37   3.6   0
38   3.6   0
39   3.6   0
40   3.6   0
41   3.6   0
42   3.6   0
43   3.6   0
44   3.6   0
45   3.6   0
46   3.6   0
47   3.6   0
48   3.6   0
49   3.6   0
50   3.6   0
51   3.6   0
52   3.6   0
53   3.6   0
54   3.6   0
55   3.6   0
56   3.6   0
57   3.6   0
58   3.6   0
59   3.6   0
60   3.6   0
61   3.6   0
62   3.6   0
63   3.6   0
64   3.6   0
65   3.6   0
66   3.6   0
67   3.6   0
68   3.6   0
69   3.6   0
70   3.6   0
71   3.6   0
72   3.6   0
73   3.6   0
74   3.6   0
75   3.6   0
76   3.6   0
77   3.6   0
78   3.6   0
79   3.6   0
80   3.6   0
81   3.6   0
82   3.6   0
83   3.6   0
84   3.6   0
85   3.6   0
86   3.6   0
87   3.6   0
88   3.6   0
89   3.6   0
90   3.6   0
91   3.6   0
92   3.6   0
93   3.6   0
94   3.6   0
95   3.6   0
96   3.6   0
97   3.6   0
98   3.6   0
99   3.6   0
100   3.6   0
0   3.7   0.16222
1   3.7   0.15757
2   3.7   0.13425
3   3.7   0.10206
4   3.7   0.07089
5   3.7   0.04613
6   3.7   0.02863
7   3.7   0.01722
8   3.7   0.01019
9   3.7   0.00602
10   3.7   0.00358
11   3.7   0.00218
12   3.7   0.00135
13   3.7   0.000866952
14   3.7   0.000572032
15   3.7   0.000391732
16   3.7   0.000280433
17   3.7   0.00021013
18   3.7   0.00016536
19   3.7   0.000137694
20   3.7   9.95729e-05
21   3.7   3.64264e-05
22   3.7   1.00733e-05
23   3.7   2.62489e-06
24   3.7   6.21042e-07
25   3.7   1.34645e-07
26   3.7   2.77454e-08
27   3.7   5.4831e-09
28   3.7   1.02087e-09
29   3.7   1.73555e-10
30   3.7   0
31   3.7   0
32   3.7   0
33   3.7   0
34   3.7   0
35   3.7   0
36   3.7   0
37   3.7   0
38   3.7   0
39   3.7   0
40   3.7   0
41   3.7   0
42   3.7   0
43   3.7   0
44   3.7   0
45   3.7   0
46   3.7   0
47   3.7   0
48   3.7   0
49   3.7   0
50   3.7   0
51   3.7   0
52   3.7   0
53   3.7   0
54   3.7   0
55   3.7   0
56   3.7   0
57   3.7   0
58   3.7   0
59   3.7   0
60   3.7   0
61   3.7   0
62   3.7   0
63   3.7   0
64   3.7   0
65   3.7   0
66   3.7   0
67   3.7   0
68   3.7   0
69   3.7   0
70   3.7   0
71   3.7   0
72   3.7   0
73   3.7   0
74   3.7   0
75   3.7   0
76   3.7   0
77   3.7   0
78   3.7   0
79   3.7   0
80   3.7   0
81   3.7   0
82   3.7   0
83   3.7   0
84   3.7   0
85   3.7   0
86   3.7   0
87   3.7   0
88   3.7   0
89   3.7   0
90   3.7   0
91   3.7   0
92   3.7   0
93   3.7   0
94   3.7   0
95   3.7   0
96   3.7   0
97   3.7   0
98   3.7   0
99   3.7   0
100   3.7   0
0   3.8   0.15629
1   3.8   0.15259
2   3.8   0.13089
3   3.8   0.1005
4   3.8   0.07073
5   3.8   0.04674
6   3.8   0.0295
7   3.8   0.01807
8   3.8   0.0109
9   3.8   0.00655
10   3.8   0.00397
11   3.8   0.00245
12   3.8   0.00155
13   3.8   0.001
14   3.8   0.000668952
15   3.8   0.000460739
16   3.8   0.000330413
17   3.8   0.000247094
18   3.8   0.00019347
19   3.8   0.000159941
20   3.8   0.000115442
21   3.8   4.30082e-05
22   3.8   1.21974e-05
23   3.8   3.26199e-06
24   3.8   7.93374e-07
25   3.8   1.77093e-07
26   3.8   3.76027e-08
27   3.8   7.66142e-09
28   3.8   1.47161e-09
29   3.8   2.57781e-10
30   3.8   0
31   3.8   0
32   3.8   0
33   3.8   0
34   3.8   0
35   3.8   0
36   3.8   0
37   3.8   0
38   3.8   0
39   3.8   0
40   3.8   0
41   3.8   0
42   3.8   0
43   3.8   0
44   3.8   0
45   3.8   0
46   3.8   0
47   3.8   0
48   3.8   0
49   3.8   0
50   3.8   0
51   3.8   0
52   3.8   0
53   3.8   0
54   3.8   0
55   3.8   0
56   3.8   0
57   3.8   0
58   3.8   0
59   3.8   0
60   3.8   0
61   3.8   0
62   3.8   0
63   3.8   0
64   3.8   0
65   3.8   0
66   3.8   0
67   3.8   0
68   3.8   0
69   3.8   0
70   3.8   0
71   3.8   0
72   3.8   0
73   3.8   0
74   3.8   0
75   3.8   0
76   3.8   0
77   3.8   0
78   3.8   0
79   3.8   0
80   3.8   0
81   3.8   0
82   3.8   0
83   3.8   0
84   3.8   0
85   3.8   0
86   3.8   0
87   3.8   0
88   3.8   0
89   3.8   0
90   3.8   0
91   3.8   0
92   3.8   0
93   3.8   0
94   3.8   0
95   3.8   0
96   3.8   0
97   3.8   0
98   3.8   0
99   3.8   0
100   3.8   0
0   3.9   0.15065
1   3.9   0.14786
2   3.9   0.12765
3   3.9   0.09894
4   3.9   0.07048
5   3.9   0.04725
6   3.9   0.0303
7   3.9   0.01888
8   3.9   0.01158
9   3.9   0.00709
10   3.9   0.00437
11   3.9   0.00274
12   3.9   0.00175
13   3.9   0.00115
14   3.9   0.000773745
15   3.9   0.000536074
16   3.9   0.000385339
17   3.9   0.000287851
18   3.9   0.00022446
19   3.9   0.000184373
20   3.9   0.000132857
21   3.9   5.0362e-05
22   3.9   1.46305e-05
23   3.9   4.01071e-06
24   3.9   1.0015e-06
25   3.9   2.29859e-07
26   3.9   5.02241e-08
27   3.9   1.05359e-08
28   3.9   2.08492e-09
29   3.9   3.75775e-10
30   3.9   0
31   3.9   0
32   3.9   0
33   3.9   0
34   3.9   0
35   3.9   0
36   3.9   0
37   3.9   0
38   3.9   0
39   3.9   0
40   3.9   0
41   3.9   0
42   3.9   0
43   3.9   0
44   3.9   0
45   3.9   0
46   3.9   0
47   3.9   0
48   3.9   0
49   3.9   0
50   3.9   0
51   3.9   0
52   3.9   0
53   3.9   0
54   3.9   0
55   3.9   0
56   3.9   0
57   3.9   0
58   3.9   0
59   3.9   0
60   3.9   0
61   3.9   0
62   3.9   0
63   3.9   0
64   3.9   0
65   3.9   0
66   3.9   0
67   3.9   0
68   3.9   0
69   3.9   0
70   3.9   0
71   3.9   0
72   3.9   0
73   3.9   0
74   3.9   0
75   3.9   0
76   3.9   0
77   3.9   0
78   3.9   0
79   3.9   0
80   3.9   0
81   3.9   0
82   3.9   0
83   3.9   0
84   3.9   0
85   3.9   0
86   3.9   0
87   3.9   0
88   3.9   0
89   3.9   0
90   3.9   0
91   3.9   0
92   3.9   0
93   3.9   0
94   3.9   0
95   3.9   0
96   3.9   0
97   3.9   0
98   3.9   0
99   3.9   0
100   3.9   0
0   4.0   0.14526
1   4.0   0.14336
2   4.0   0.12454
3   4.0   0.09738
4   4.0   0.07017
5   4.0   0.04767
6   4.0   0.03103
7   4.0   0.01964
8   4.0   0.01225
9   4.0   0.00762
10   4.0   0.00477
11   4.0   0.00304
12   4.0   0.00197
13   4.0   0.00131
14   4.0   0.000886128
15   4.0   0.000617601
16   4.0   0.000445156
17   4.0   0.000332385
18   4.0   0.000258321
19   4.0   0.000210976
20   4.0   0.000151807
21   4.0   5.85073e-05
22   4.0   1.7392e-05
23   4.0   4.88202e-06
24   4.0   1.25022e-06
25   4.0   2.94703e-07
26   4.0   6.6186e-08
27   4.0   1.42785e-08
28   4.0   2.90751e-09
29   4.0   5.38523e-10
30   4.0   0
31   4.0   0
32   4.0   0
33   4.0   0
34   4.0   0
35   4.0   0
36   4.0   0
37   4.0   0
38   4.0   0
39   4.0   0
40   4.0   0
41   4.0   0
42   4.0   0
43   4.0   0
44   4.0   0
45   4.0   0
46   4.0   0
47   4.0   0
48   4.0   0
49   4.0   0
50   4.0   0
51   4.0   0
52   4.0   0
53   4.0   0
54   4.0   0
55   4.0   0
56   4.0   0
57   4.0   0
58   4.0   0
59   4.0   0
60   4.0   0
61   4.0   0
62   4.0   0
63   4.0   0
64   4.0   0
65   4.0   0
66   4.0   0
67   4.0   0
68   4.0   0
69   4.0   0
70   4.0   0
71   4.0   0
72   4.0   0
73   4.0   0
74   4.0   0
75   4.0   0
76   4.0   0
77   4.0   0
78   4.0   0
79   4.0   0
80   4.0   0
81   4.0   0
82   4.0   0
83   4.0   0
84   4.0   0
85   4.0   0
86   4.0   0
87   4.0   0
88   4.0   0
89   4.0   0
90   4.0   0
91   4.0   0
92   4.0   0
93   4.0   0
94   4.0   0
95   4.0   0
96   4.0   0
97   4.0   0
98   4.0   0
99   4.0   0
100   4.0   0
